0.006 1 
0.024 2 
0.054 3 
0.032 4 
0.05 5 
0.0432 6 
0.0735 7 
0.096 8 
0.081 9 
0.1 10 
0.09075 11 
0.108 12 
0.1014 13 
0.106909 14 
0.1125 15 
0.109714 16 
0.108375 17 
0.108 18 
0.1083 19 
0.0727273 20 
0.06615 21 
0.107556 22 
0.113357 23 
0.1152 24 
0.113636 25 
0.112667 26 
0.115105 27 
0.114732 28 
0.114682 29 
0.415385 30 
0.3844 31 
0.4096 32 
0.408375 33 
0.408 34 
0.408333 35 
0.409263 36 
0.391143 37 
0.376696 38 
0.414818 39 
0.4 40 
0.40344 41 
0.42336 42 
0.410889 43 
0.400552 44 
0.405 45 
0.409548 46 
0.414187 47 
0.406588 48 
0.4116 49 
0.416667 50 
0.410684 51 
0.416 52 
0.411073 53 
0.416571 54 
0.4125 55 
0.418133 56 
0.423783 57 
0.4205 58 
0.409529 59 
0.415385 60 
0.413444 61 
0.419345 62 
0.417789 63 
0.416542 64 
0.415574 65 
0.358027 66 
0.390348 67 
0.420364 68 
0.420088 69 
0.42 70 
0.426 71 
0.426082 72 
0.420711 73 
0.421231 74 
0.401786 75 
0.326943 76 
0.382516 77 
0.384253 78 
0.386041 79 
0.384 80 
0.222407 81 
0.198739 82 
0.199681 83 
0.200645 84 
0.20257 85 
0.207364 86 
0.204568 87 
0.203789 88 
0.203974 89 
0.20166 90 
0.194847 91 
0.217957 92 
0.205929 93 
0.204695 94 
0.205114 95 
0.211862 96 
0.366584 97 
0.367032 98 
0.363 99 
0.37037 100 
0.349749 101 
0.325125 102 
0.323117 103 
0.32448 104 
0.287609 105 
0.376626 106 
0.390307 107 
0.3888 108 
0.367454 109 
0.374227 110 
0.362382 111 
0.197543 112 
0.217037 113 
0.302233 114 
0.279401 115 
0.295736 116 
0.31712 117 
0.357026 118 
0.352556 119 
0.357025 120 
0.372229 121 
0.396907 122 
0.293767 123 
0.382805 124 
0.364786 125 
0.366369 126 
0.366568 127 
0.360088 128 
0.350337 129 
0.354545 130 
0.370381 131 
0.377415 132 
0.356154 133 
0.313186 134 
0.339596 135 
0.328331 136 
0.300304 137 
0.287819 138 
0.288373 139 
0.329412 140 
0.391102 141 
0.391534 142 
0.391994 143 
0.291372 144 
0.374332 145 
0.372875 146 
0.4116 147 
0.417219 148 
0.421538 149 
0.424528 150 
0.423548 151 
0.42135 152 
0.419266 153 
0.420994 154 
0.417826 155 
0.419586 156 
0.42135 157 
0.388041 158 
0.423704 159 
0.418529 160 
0.418081 161 
0.422155 162 
0.387869 163 
0.382408 164 
0.432143 165 
0.432817 166 
0.432388 167 
0.415059 168 
0.394853 169 
0.372103 170 
0.434272 171 
0.433995 172 
0.433754 173 
0.434584 174 
0.434397 175 
0.43122 176 
0.421466 177 
0.434027 178 
0.434946 179 
0.433929 180 
0.432965 181 
0.433939 182 
0.433983 183 
0.381118 184 
0.409064 185 
0.429764 186 
0.43083 187 
0.43015 188 
0.428652 189 
0.423875 190 
0.423377 191 
0.396387 192 
0.424894 193 
0.428493 194 
0.427247 195 
0.426844 196 
0.426473 197 
0.386882 198 
0.41251 199 
0.434783 200 
0.435199 201 
0.354817 202 
0.382155 203 
0.393222 204 
0.40344 205 
0.42155 206 
0.41601 207 
0.431203 208 
0.418668 209 
0.430244 210 
0.406584 211 
0.386338 212 
0.432086 213 
0.431359 214 
0.431337 215 
0.430671 216 
0.422955 217 
0.435334 218 
0.433383 219 
0.436036 220 
0.435432 221 
0.428557 222 
0.414985 223 
0.424621 224 
0.42305 225 
0.424454 226 
0.418935 227 
0.415872 228 
0.416198 229 
0.424332 230 
0.420165 231 
0.421598 232 
0.420302 233 
0.424465 234 
0.4189 235 
0.420347 236 
0.417613 237 
0.418037 238 
0.420007 239 
0.422494 240 
0.423434 241 
0.418813 242 
0.434717 243 
0.434041 244 
0.433916 245 
0.428685 246 
0.428635 247 
0.433636 248 
0.434079 249 
0.433025 250 
0.428578 251 
0.432982 252 
0.256378 253 
0.391006 254 
0.409391 255 
0.408748 256 
0.406873 257 
0.416025 258 
0.431852 259 
0.432871 260 
0.428434 261 
0.407786 262 
0.432757 263 
0.406391 264 
0.424748 265 
0.419088 266 
0.432929 267 
0.432241 268 
0.429018 269 
0.428824 270 
0.422075 271 
0.421561 272 
0.41792 273 
0.421381 274 
0.421701 275 
0.419702 276 
0.411416 277 
0.420784 278 
0.421522 279 
0.415915 280 
0.421875 281 
0.421505 282 
0.405172 283 
0.42118 284 
0.421583 285 
0.418037 286 
0.421325 287 
0.421392 288 
0.419352 289 
0.420851 290 
0.421648 291 
0.420365 292 
0.420828 293 
0.420955 294 
0.421769 295 
0.420221 296 
0.423065 297 
0.420208 298 
0.422367 299 
0.420889 300 
0.421074 301 
0.420618 302 
0.420499 303 
0.416601 304 
0.410706 305 
0.412191 306 
0.421068 307 
0.413952 308 
0.410966 309 
0.41127 310 
0.407819 311 
0.42019 312 
0.420769 313 
0.411961 314 
0.408894 315 
0.412912 316 
0.413819 317 
0.421643 318 
0.4205 319 
0.410695 320 
0.411068 321 
0.403701 322 
0.410475 323 
0.393906 324 
0.420537 325 
0.418684 326 
0.409167 327 
0.41299 328 
0.414187 329 
0.410427 330 
0.412142 331 
0.415156 332 
0.418186 333 
0.40963 334 
0.407844 335 
0.400577 336 
0.409258 337 
0.409721 338 
0.397651 339 
0.40514 340 
0.414549 341 
0.4104 342 
0.408503 343 
0.409703 344 
0.408086 345 
0.404902 346 
0.405873 347 
0.4073 348 
0.402648 349 
0.414786 350 
0.409759 351 
0.409149 352 
0.409449 353 
0.409753 354 
0.409615 355 
0.409266 356 
0.409584 357 
0.409688 358 
0.408282 359 
0.394721 360 
0.4096 361 
0.406548 362 
0.409009 363 
0.408099 364 
0.409503 365 
0.399471 366 
0.404877 367 
0.409755 368 
0.410742 369 
0.409472 370 
0.40924 371 
0.409218 372 
0.407008 373 
0.407604 374 
0.408992 375 
0.409192 376 
0.409988 377 
0.404962 378 
0.406339 379 
0.405998 380 
0.406993 381 
0.408942 382 
0.404473 383 
0.39853 384 
0.393866 385 
0.396794 386 
0.405878 387 
0.409087 388 
0.408057 389 
0.407775 390 
0.408591 391 
0.407958 392 
0.409136 393 
0.399749 394 
0.398531 395 
0.394175 396 
0.406558 397 
0.40896 398 
0.409257 399 
0.408511 400 
0.394281 401 
0.40621 402 
0.405178 403 
0.409063 404 
0.407853 405 
0.400736 406 
0.394716 407 
0.407501 408 
0.395775 409 
0.402956 410 
0.401715 411 
0.385928 412 
0.39698 413 
0.407278 414 
0.407472 415 
0.408955 416 
0.405336 417 
0.398005 418 
0.398248 419 
0.401213 420 
0.407763 421 
0.408138 422 
0.397915 423 
0.398911 424 
0.404233 425 
0.394085 426 
0.397664 427 
0.406473 428 
0.40717 429 
0.407119 430 
0.395657 431 
0.405557 432 
0.401046 433 
0.397376 434 
0.402321 435 
0.403601 436 
0.391999 437 
0.394335 438 
0.366622 439 
0.394297 440 
0.378982 441 
0.401021 442 
0.38619 443 
0.394009 444 
0.400996 445 
0.398496 446 
0.403519 447 
0.404645 448 
0.407549 449 
0.39823 450 
0.396751 451 
0.393776 452 
0.393372 453 
0.404943 454 
0.407931 455 
0.401163 456 
0.396549 457 
0.389896 458 
0.405806 459 
0.400631 460 
0.397236 461 
0.403359 462 
0.404597 463 
0.4075 464 
0.40203 465 
0.401893 466 
0.398215 467 
0.403855 468 
0.397161 469 
0.40188 470 
0.406302 471 
0.407035 472 
0.399754 473 
0.397422 474 
0.393189 475 
0.396806 476 
0.404496 477 
0.407401 478 
0.40645 479 
0.406947 480 
0.39594 481 
0.394326 482 
0.395405 483 
0.402271 484 
0.404862 485 
0.399655 486 
0.406692 487 
0.405122 488 
0.403693 489 
0.39686 490 
0.396624 491 
0.399007 492 
0.395845 493 
0.400935 494 
0.398091 495 
0.404521 496 
0.395742 497 
0.404794 498 
0.404004 499 
0.40107 500 
0.402245 501 
0.395818 502 
0.39543 503 
0.400656 504 
0.39285 505 
0.394508 506 
0.401012 507 
0.399274 508 
0.400847 509 
0.395589 510 
0.401725 511 
0.402164 512 
0.401478 513 
0.398386 514 
0.39576 515 
0.399984 516 
0.394232 517 
0.402587 518 
0.401034 519 
0.405701 520 
0.398299 521 
0.402983 522 
0.395941 523 
0.404681 524 
0.396108 525 
0.39819 526 
0.400186 527 
0.404621 528 
0.366044 529 
0.402436 530 
0.405894 531 
0.397878 532 
0.389252 533 
0.39116 534 
0.378188 535 
0.402375 536 
0.400977 537 
0.392733 538 
0.397158 539 
0.396375 540 
0.391721 541 
0.393083 542 
0.405942 543 
0.403457 544 
0.401657 545 
0.39442 546 
0.394042 547 
0.394359 548 
0.398679 549 
0.392602 550 
0.396519 551 
0.392407 552 
0.392818 553 
0.39963 554 
0.398996 555 
0.396837 556 
0.393717 557 
0.401933 558 
0.392975 559 
0.391837 560 
0.39513 561 
0.401497 562 
0.389397 563 
0.402653 564 
0.394348 565 
0.401281 566 
0.39198 567 
0.393284 568 
0.385736 569 
0.390505 570 
0.390079 571 
0.383869 572 
0.385514 573 
0.363995 574 
0.411908 575 
0.412059 576 
0.401603 577 
0.39521 578 
0.391484 579 
0.39139 580 
0.37829 581 
0.384549 582 
0.386677 583 
0.393148 584 
0.390891 585 
0.394255 586 
0.396436 587 
0.349413 588 
0.393112 589 
0.390685 590 
0.393704 591 
0.398632 592 
0.390143 593 
0.39204 594 
0.394018 595 
0.398299 596 
0.401136 597 
0.391609 598 
0.392132 599 
0.395026 600 
0.396488 601 
0.391365 602 
0.396088 603 
0.391363 604 
0.39238 605 
0.398304 606 
0.400271 607 
0.396493 608 
0.389786 609 
0.394313 610 
0.393453 611 
0.398875 612 
0.380783 613 
0.391345 614 
0.399112 615 
0.380407 616 
0.398002 617 
0.388463 618 
0.397607 619 
0.39118 620 
0.395124 621 
0.393175 622 
0.382896 623 
0.398747 624 
0.38894 625 
0.394175 626 
0.386368 627 
0.393466 628 
0.391078 629 
0.394272 630 
0.394805 631 
0.39365 632 
0.396722 633 
0.392535 634 
0.397266 635 
0.389813 636 
0.398464 637 
0.396278 638 
0.396364 639 
0.388799 640 
0.390077 641 
0.391543 642 
0.396404 643 
0.39163 644 
0.394648 645 
0.39283 646 
0.395848 647 
0.393599 648 
0.38976 649 
0.398397 650 
0.388037 651 
0.392948 652 
0.386941 653 
0.401674 654 
0.394204 655 
0.389268 656 
0.39384 657 
0.385028 658 
0.386945 659 
0.394804 660 
0.389239 661 
0.397921 662 
0.390728 663 
0.384223 664 
0.396259 665 
0.390512 666 
0.391341 667 
0.387684 668 
0.394617 669 
0.393945 670 
0.389538 671 
0.393823 672 
0.390962 673 
0.386673 674 
0.387491 675 
0.380972 676 
0.387539 677 
0.396279 678 
0.374932 679 
0.383046 680 
0.392519 681 
0.39262 682 
0.393496 683 
0.388209 684 
0.392712 685 
0.388655 686 
0.386913 687 
0.391787 688 
0.383406 689 
0.399301 690 
0.388775 691 
0.394831 692 
0.386674 693 
0.39554 694 
0.379886 695 
0.386708 696 
0.394486 697 
0.393912 698 
0.392241 699 
0.389249 700 
0.392232 701 
0.38192 702 
0.392385 703 
0.385693 704 
0.390385 705 
0.391186 706 
0.3976 707 
0.390697 708 
0.394982 709 
0.385938 710 
0.388713 711 
0.393947 712 
0.385274 713 
0.385091 714 
0.383659 715 
0.391839 716 
0.38897 717 
0.346028 718 
0.392083 719 
0.374837 720 
0.389589 721 
0.32638 722 
0.386063 723 
0.385093 724 
0.391868 725 
0.368843 726 
0.378738 727 
0.292056 728 
0.365042 729 
0.389167 730 
0.394072 731 
0.388091 732 
0.387654 733 
0.390639 734 
0.378707 735 
0.390412 736 
0.382648 737 
0.394813 738 
0.278704 739 
0.350801 740 
0.398752 741 
0.387903 742 
0.388721 743 
0.385069 744 
0.377868 745 
0.38354 746 
0.384967 747 
0.387647 748 
0.38601 749 
0.384046 750 
0.380653 751 
0.390092 752 
0.382296 753 
0.38935 754 
0.388344 755 
0.385132 756 
0.386238 757 
0.391126 758 
0.392114 759 
0.386527 760 
0.382426 761 
0.388694 762 
0.389541 763 
0.392577 764 
0.391848 765 
0.378919 766 
0.384922 767 
0.391346 768 
0.389181 769 
0.38777 770 
0.387006 771 
0.390937 772 
0.387922 773 
0.385464 774 
0.393079 775 
0.387085 776 
0.389001 777 
0.38701 778 
0.390251 779 
0.389127 780 
0.386459 781 
0.378496 782 
0.371157 783 
0.389763 784 
0.390345 785 
0.383129 786 
0.384145 787 
0.384248 788 
0.389278 789 
0.376153 790 
0.38818 791 
0.364406 792 
0.390913 793 
0.383011 794 
0.378685 795 
0.38908 796 
0.385248 797 
0.376102 798 
0.381325 799 
0.383808 800 
0.382019 801 
0.378913 802 
0.387894 803 
0.377322 804 
0.373501 805 
0.377586 806 
0.382114 807 
0.383399 808 
0.376139 809 
0.384471 810 
0.389031 811 
0.382376 812 
0.381438 813 
0.386654 814 
0.385803 815 
0.37513 816 
0.387287 817 
0.382867 818 
0.390129 819 
0.382589 820 
0.386418 821 
0.388213 822 
0.374525 823 
0.377279 824 
0.383271 825 
0.381337 826 
0.360976 827 
0.386353 828 
0.385369 829 
0.377032 830 
0.377356 831 
0.372865 832 
0.369975 833 
0.382034 834 
0.376471 835 
0.382328 836 
0.380159 837 
0.374264 838 
0.380704 839 
0.385504 840 
0.380259 841 
0.384019 842 
0.385698 843 
0.345626 844 
0.382548 845 
0.375934 846 
0.379481 847 
0.384822 848 
0.378738 849 
0.386123 850 
0.377647 851 
0.38276 852 
0.37496 853 
0.384356 854 
0.374885 855 
0.380609 856 
0.368391 857 
0.377133 858 
0.377272 859 
0.376291 860 
0.387281 861 
0.376893 862 
0.373817 863 
0.383113 864 
0.379713 865 
0.38114 866 
0.384758 867 
0.38132 868 
0.381427 869 
0.372643 870 
0.375689 871 
0.379244 872 
0.375865 873 
0.383408 874 
0.377931 875 
0.377739 876 
0.381796 877 
0.376776 878 
0.376439 879 
0.379794 880 
0.381875 881 
0.377847 882 
0.376934 883 
0.376092 884 
0.378613 885 
0.372007 886 
0.374533 887 
0.384906 888 
0.370463 889 
0.383553 890 
0.38006 891 
0.374166 892 
0.382837 893 
0.377354 894 
0.373816 895 
0.379074 896 
0.373802 897 
0.380021 898 
0.375995 899 
0.383432 900 
0.376822 901 
0.371057 902 
0.37539 903 
0.368447 904 
0.382097 905 
0.35358 906 
0.378085 907 
0.379791 908 
0.379754 909 
0.376752 910 
0.380204 911 
0.372645 912 
0.377893 913 
0.375628 914 
0.376196 915 
0.376399 916 
0.382483 917 
0.377452 918 
0.376169 919 
0.377773 920 
0.377387 921 
0.373882 922 
0.376128 923 
0.378056 924 
0.381691 925 
0.379498 926 
0.374218 927 
0.377933 928 
0.379414 929 
0.375662 930 
0.379576 931 
0.378898 932 
0.372588 933 
0.367902 934 
0.375795 935 
0.37039 936 
0.377621 937 
0.379298 938 
0.379289 939 
0.382483 940 
0.375283 941 
0.370378 942 
0.372097 943 
0.366547 944 
0.379231 945 
0.374051 946 
0.370914 947 
0.372726 948 
0.364714 949 
0.378989 950 
0.373051 951 
0.368716 952 
0.376512 953 
0.378952 954 
0.369515 955 
0.378102 956 
0.375939 957 
0.37262 958 
0.375994 959 
0.379103 960 
0.369704 961 
0.378685 962 
0.378827 963 
0.373962 964 
0.373811 965 
0.378281 966 
0.377027 967 
0.373887 968 
0.374212 969 
0.378479 970 
0.377766 971 
0.361894 972 
0.372484 973 
0.367538 974 
0.369869 975 
0.379261 976 
0.378531 977 
0.373894 978 
0.382027 979 
0.375474 980 
0.371999 981 
0.363074 982 
0.373541 983 
0.376607 984 
0.380207 985 
0.377161 986 
0.373316 987 
0.374073 988 
0.374975 989 
0.375901 990 
0.372942 991 
0.374003 992 
0.380469 993 
0.375774 994 
0.379126 995 
0.377719 996 
0.374297 997 
0.369941 998 
0.378102 999 
0.369072 1000 
