inf 1 
inf 2 
0.054 3 
0.096 4 
0.075 5 
0.108 6 
0.147 7 
0.128 8 
0.1215 9 
0.12 10 
0.1452 11 
0.144 12 
0.12675 13 
0.130667 14 
0.135 15 
0.1536 16 
0.1445 17 
0.138857 18 
0.135375 19 
0.141176 20 
0.139263 21 
0.138286 22 
0.144273 23 
0.144 24 
0.144231 25 
0.144857 26 
0.141097 27 
0.142545 28 
0.144171 29 
0.142105 30 
0.14415 31 
0.149854 32 
0.1485 33 
0.150783 34 
0.153125 35 
0.144 36 
0.144105 37 
0.1444 38 
0.115519 39 
0.145455 40 
0.146174 41 
0.147 42 
0.14792 43 
0.147038 44 
0.148171 45 
0.145931 46 
0.147267 47 
0.148645 48 
0.147 49 
0.15 50 
0.14585 51 
0.147491 52 
0.147842 53 
0.150828 54 
0.146371 55 
0.148157 56 
0.147682 57 
0.150627 58 
0.150259 59 
0.145946 60 
0.146882 61 
0.150745 62 
0.147913 63 
0.148048 64 
0.148246 65 
0.150207 66 
0.140281 67 
0.153282 68 
0.156956 69 
0.157219 70 
0.156715 71 
0.15552 72 
0.150821 73 
0.15141 74 
0.15067 75 
0.150678 76 
0.116636 77 
0.115886 78 
0.117386 79 
0.126733 80 
0.12577 81 
0.0986406 82 
0.127969 83 
0.127518 84 
0.1275 85 
0.127517 86 
0.127567 87 
0.127648 88 
0.167345 89 
0.180669 90 
0.180676 91 
0.180726 92 
0.17833 93 
0.182814 94 
0.182939 95 
0.18432 96 
0.183889 97 
0.230496 98 
0.312798 99 
0.315789 100 
0.318781 101 
0.31849 102 
0.321485 103 
0.319685 104 
0.321117 105 
0.315028 106 
0.31511 107 
0.31104 108 
0.330028 109 
0.292742 110 
0.24975 111 
0.372594 112 
0.373727 113 
0.475463 114 
0.483841 115 
0.483449 116 
0.46667 117 
0.477394 118 
0.393361 119 
0.459574 120 
0.477424 121 
0.485348 122 
0.48284 123 
0.485558 124 
0.475888 125 
0.45577 126 
0.52029 127 
0.52569 128 
0.528286 129 
0.53089 130 
0.528031 131 
0.525347 132 
0.517727 133 
0.536 134 
0.528261 135 
0.536116 136 
0.536257 137 
0.409548 138 
0.398371 139 
0.478049 140 
0.480992 141 
0.48588 142 
0.423083 143 
0.497664 144 
0.481489 145 
0.488153 146 
0.48926 147 
0.499711 148 
0.491535 149 
0.485612 150 
0.483413 151 
0.479668 152 
0.481007 153 
0.490676 154 
0.483725 155 
0.480316 156 
0.506486 157 
0.542696 158 
0.539808 159 
0.540845 160 
0.541902 161 
0.542979 162 
0.551606 163 
0.545189 164 
0.542691 165 
0.542085 166 
0.526208 167 
0.530859 168 
0.538887 169 
0.527052 170 
0.543176 171 
0.537891 172 
0.529717 173 
0.542257 174 
0.542035 175 
0.551501 176 
0.552865 177 
0.544711 178 
0.549274 179 
0.541504 180 
0.529827 181 
0.528574 182 
0.512587 183 
0.534568 184 
0.544695 185 
0.517646 186 
0.54356 187 
0.542363 188 
0.492703 189 
0.542857 190 
0.526168 191 
0.548844 192 
0.542461 193 
0.54023 194 
0.543214 195 
0.538542 196 
0.542783 197 
0.543242 198 
0.542479 199 
0.5 200 
0.543511 201 
0.542847 202 
0.545815 203 
0.538138 204 
0.538782 205 
0.540586 206 
0.541251 207 
0.498242 208 
0.505958 209 
0.515789 210 
0.520713 211 
0.531882 212 
0.537972 213 
0.536672 214 
0.496154 215 
0.53525 216 
0.540218 217 
0.535985 218 
0.539899 219 
0.478418 220 
0.489225 221 
0.485557 222 
0.537611 223 
0.538562 224 
0.536661 225 
0.537642 226 
0.537694 227 
0.531353 228 
0.55008 229 
0.53255 230 
0.539909 231 
0.542763 232 
0.541086 233 
0.541245 234 
0.535299 235 
0.545148 236 
0.552482 237 
0.546405 238 
0.550122 239 
0.551196 240 
0.532853 241 
0.545627 242 
0.54423 243 
0.541236 244 
0.545682 245 
0.541934 246 
0.543107 247 
0.544283 248 
0.521748 249 
0.526685 250 
0.536179 251 
0.542769 252 
0.545531 253 
0.544439 254 
0.542629 255 
0.543867 256 
0.542868 257 
0.544862 258 
0.5439 259 
0.542972 260 
0.537797 261 
0.54264 262 
0.544638 263 
0.537501 264 
0.537436 265 
0.546378 266 
0.540068 267 
0.543435 268 
0.54475 269 
0.543354 270 
0.544007 271 
0.54267 272 
0.545334 273 
0.543373 274 
0.544065 275 
0.542178 276 
0.542894 277 
0.543615 278 
0.544343 279 
0.545075 280 
0.543933 281 
0.549072 282 
0.541752 283 
0.542529 284 
0.535549 285 
0.535782 286 
0.543092 287 
0.538015 288 
0.543521 289 
0.530042 290 
0.531471 291 
0.545981 292 
0.497195 293 
0.529741 294 
0.542775 295 
0.533702 296 
0.542268 297 
0.534427 298 
0.531095 299 
0.516252 300 
0.522698 301 
0.504354 302 
0.462514 303 
0.481333 304 
0.484505 305 
0.489813 306 
0.490454 307 
0.491948 308 
0.493017 309 
0.4924 310 
0.493894 311 
0.493297 312 
0.491073 313 
0.484105 314 
0.492025 315 
0.495974 316 
0.529819 317 
0.530371 318 
0.545148 319 
0.507769 320 
0.546154 321 
0.543797 322 
0.541032 323 
0.534229 324 
0.545866 325 
0.545005 326 
0.539591 327 
0.532594 328 
0.529728 329 
0.536453 330 
0.53099 331 
0.525711 332 
0.53656 333 
0.539787 334 
0.530197 335 
0.531275 336 
0.527002 337 
0.52526 338 
0.533276 339 
0.528256 340 
0.521439 341 
0.532461 342 
0.533556 343 
0.531449 344 
0.53255 345 
0.536042 346 
0.523138 347 
0.527303 348 
0.533046 349 
0.519068 350 
0.514767 351 
0.519877 352 
0.515268 353 
0.529504 354 
0.521483 355 
0.496679 356 
0.513217 357 
0.487316 358 
0.492853 359 
0.527544 360 
0.525841 361 
0.501764 362 
0.516067 363 
0.492245 364 
0.528671 365 
0.492184 366 
0.527159 367 
0.533866 368 
0.515761 369 
0.530963 370 
0.513586 371 
0.498681 372 
0.524026 373 
0.51583 374 
0.518274 375 
0.506724 376 
0.505198 377 
0.50728 378 
0.513615 379 
0.515101 380 
0.49543 381 
0.51685 382 
0.525453 383 
0.522894 384 
0.510534 385 
0.520056 386 
0.513787 387 
0.520014 388 
0.516454 389 
0.512409 390 
0.516781 391 
0.516518 392 
0.514259 393 
0.523562 394 
0.514651 395 
0.51726 396 
0.525655 397 
0.519641 398 
0.519699 399 
0.521739 400 
0.519551 401 
0.513844 402 
0.517226 403 
0.521179 404 
0.525721 405 
0.523289 406 
0.520091 407 
0.521286 408 
0.520045 409 
0.523133 410 
0.517369 411 
0.519095 412 
0.518447 413 
0.519382 414 
0.519794 415 
0.519168 416 
0.518041 417 
0.514651 418 
0.523802 419 
0.522151 420 
0.519261 421 
0.514694 422 
0.511469 423 
0.512669 424 
0.518789 425 
0.509049 426 
0.500904 427 
0.511211 428 
0.518669 429 
0.517444 430 
0.508006 431 
0.51864 432 
0.52008 433 
0.521521 434 
0.514431 435 
0.508959 436 
0.519408 437 
0.515248 438 
0.513694 439 
0.511493 440 
0.508004 441 
0.514116 442 
0.498305 443 
0.505693 444 
0.50928 445 
0.506577 446 
0.504356 447 
0.505128 448 
0.509522 449 
0.504568 450 
0.5043 451 
0.509486 452 
0.508783 453 
0.501702 454 
0.513073 455 
0.495479 456 
0.511676 457 
0.512036 458 
0.507258 459 
0.499057 460 
0.522807 461 
0.521655 462 
0.500472 463 
0.521298 464 
0.523125 465 
0.519305 466 
0.519466 467 
0.51738 468 
0.484852 469 
0.509769 470 
0.522389 471 
0.517902 472 
0.516298 473 
0.5087 474 
0.508737 475 
0.51339 476 
0.51672 477 
0.513255 478 
0.504636 479 
0.513712 480 
0.513185 481 
0.508924 482 
0.512723 483 
0.503957 484 
0.506405 485 
0.511986 486 
0.508764 487 
0.527062 488 
0.524964 489 
0.511577 490 
0.52888 491 
0.5143 492 
0.516393 493 
0.517574 494 
0.513141 495 
0.514678 496 
0.51371 497 
0.507166 498 
0.514465 499 
0.519751 500 
0.520749 501 
0.522108 502 
0.52546 503 
0.50939 504 
0.517117 505 
0.51156 506 
0.513072 507 
0.52064 508 
0.522341 509 
0.5183 510 
0.506867 511 
0.513504 512 
0.516524 513 
0.516681 514 
0.522611 515 
0.522241 516 
0.520355 517 
0.521186 518 
0.523031 519 
0.500586 520 
0.509748 521 
0.518688 522 
0.517557 523 
0.504581 524 
0.511522 525 
0.507352 526 
0.515267 527 
0.510282 528 
0.518064 529 
0.511813 530 
0.514371 531 
0.51631 532 
0.518884 533 
0.516431 534 
0.49335 535 
0.508039 536 
0.508886 537 
0.506907 538 
0.517402 539 
0.520095 540 
0.517561 541 
0.522402 542 
0.519863 543 
0.519794 544 
0.504572 545 
0.517114 546 
0.522028 547 
0.517617 548 
0.517723 549 
0.513147 550 
0.51589 551 
0.519529 552 
0.514686 553 
0.511527 554 
0.504545 555 
0.522631 556 
0.520406 557 
0.505735 558 
0.513105 559 
0.511861 560 
0.515795 561 
0.52005 562 
0.524928 563 
0.522039 564 
0.523606 565 
0.517259 566 
0.502588 567 
0.506077 568 
0.513499 569 
0.513405 570 
0.515073 571 
0.514845 572 
0.516511 573 
0.520499 574 
0.508784 575 
0.521251 576 
0.52156 577 
0.522823 578 
0.518548 579 
0.517671 580 
0.502448 581 
0.49257 582 
0.499837 583 
0.512481 584 
0.505502 585 
0.484452 586 
0.528345 587 
0.502413 588 
0.512565 589 
0.461671 590 
0.484888 591 
0.511005 592 
0.528795 593 
0.523237 594 
0.522289 595 
0.524046 596 
0.518916 597 
0.512449 598 
0.508337 599 
0.507161 600 
0.506002 601 
0.500098 602 
0.501069 603 
0.499976 604 
0.501633 605 
0.503638 606 
0.512684 607 
0.510233 608 
0.512031 609 
0.507755 610 
0.514689 611 
0.527156 612 
0.526656 613 
0.502661 614 
0.501736 615 
0.49057 616 
0.502228 617 
0.495791 618 
0.506715 619 
0.488748 620 
0.481951 621 
0.491802 622 
0.488827 623 
0.519053 624 
0.519563 625 
0.515853 626 
0.498052 627 
0.509102 628 
0.507015 629 
0.502405 630 
0.513204 631 
0.505174 632 
0.49703 633 
0.49819 634 
0.498116 635 
0.506993 636 
0.509333 637 
0.510293 638 
0.480189 639 
0.500326 640 
0.495634 641 
0.508844 642 
0.502266 643 
0.497186 644 
0.504273 645 
0.505123 646 
0.499832 647 
0.509077 648 
0.495628 649 
0.495407 650 
0.517778 651 
0.499144 652 
0.494292 653 
0.508782 654 
0.501197 655 
0.507272 656 
0.524695 657 
0.507776 658 
0.4967 659 
0.514286 660 
0.496878 661 
0.515278 662 
0.507879 663 
0.506195 664 
0.498282 665 
0.491203 666 
0.491952 667 
0.494066 668 
0.497659 669 
0.504004 670 
0.50466 671 
0.493534 672 
0.499646 673 
0.494226 674 
0.492568 675 
0.496893 676 
0.496564 677 
0.506818 678 
0.500225 679 
0.48631 680 
0.494854 681 
0.503563 682 
0.496705 683 
0.491962 684 
0.508369 685 
0.502326 686 
0.495332 687 
0.49513 688 
0.49683 689 
0.508744 690 
0.51177 691 
0.512154 692 
0.497667 693 
0.48831 694 
0.50605 695 
0.509912 696 
0.49623 697 
0.505573 698 
0.511089 699 
0.512642 700 
0.497202 701 
0.502093 702 
0.500634 703 
0.513414 704 
0.514164 705 
0.501445 706 
0.49621 707 
0.503446 708 
0.513551 709 
0.496487 710 
0.508402 711 
0.510775 712 
0.503668 713 
0.494787 714 
0.51097 715 
0.502686 716 
0.49839 717 
0.49745 718 
0.512181 719 
0.506168 720 
0.442042 721 
0.423235 722 
0.431354 723 
0.443465 724 
0.390654 725 
0.483926 726 
0.451092 727 
0.456096 728 
0.519747 729 
0.518385 730 
0.515875 731 
0.508131 732 
0.497413 733 
0.500625 734 
0.4999 735 
0.502501 736 
0.503245 737 
0.48499 738 
0.500493 739 
0.501312 740 
0.505367 741 
0.509703 742 
0.492022 743 
0.487482 744 
0.50411 745 
0.49763 746 
0.508745 747 
0.499334 748 
0.500447 749 
0.493999 750 
0.498161 751 
0.500077 752 
0.505206 753 
0.504824 754 
0.511616 755 
0.499522 756 
0.484881 757 
0.505704 758 
0.493572 759 
0.494944 760 
0.495823 761 
0.500411 762 
0.501654 763 
0.511267 764 
0.506835 765 
0.504881 766 
0.510225 767 
0.497952 768 
0.486117 769 
0.48899 770 
0.505048 771 
0.514445 772 
0.514668 773 
0.498054 774 
0.495906 775 
0.505111 776 
0.502201 777 
0.478675 778 
0.503742 779 
0.509619 780 
0.514518 781 
0.493496 782 
0.509422 783 
0.504161 784 
0.508436 785 
0.502886 786 
0.500568 787 
0.496424 788 
0.499148 789 
0.502901 790 
0.495589 791 
0.492938 792 
0.500477 793 
0.50787 794 
0.500746 795 
0.503936 796 
0.51014 797 
0.498607 798 
0.491078 799 
0.4913 800 
0.4943 801 
0.484584 802 
0.487753 803 
0.49207 804 
0.498929 805 
0.492086 806 
0.499233 807 
0.494282 808 
0.50377 809 
0.494672 810 
0.502845 811 
0.508819 812 
0.500544 813 
0.510671 814 
0.49569 815 
0.502217 816 
0.514178 817 
0.497367 818 
0.510278 819 
0.502041 820 
0.504585 821 
0.508097 822 
0.503029 823 
0.507014 824 
0.50398 825 
0.49584 826 
0.506864 827 
0.505904 828 
0.498905 829 
0.505924 830 
0.497403 831 
0.478882 832 
0.491713 833 
0.495293 834 
0.509543 835 
0.504315 836 
0.490595 837 
0.503702 838 
0.492942 839 
0.507443 840 
0.509875 841 
0.500269 842 
0.506641 843 
0.498777 844 
0.482124 845 
0.483919 846 
0.509463 847 
0.510969 848 
0.5023 849 
0.510601 850 
0.495011 851 
0.498104 852 
0.490468 853 
0.50056 854 
0.49139 855 
0.496042 856 
0.492919 857 
0.499602 858 
0.504074 859 
0.494716 860 
0.492681 861 
0.422704 862 
0.50907 863 
0.514116 864 
0.502277 865 
0.497813 866 
0.491246 867 
0.472317 868 
0.503497 869 
0.490591 870 
0.483467 871 
0.492052 872 
0.478224 873 
0.477224 874 
0.505864 875 
0.495401 876 
0.495946 877 
0.495586 878 
0.496556 879 
0.492987 880 
0.504437 881 
0.494391 882 
0.49457 883 
0.504274 884 
0.491307 885 
0.489501 886 
0.495394 887 
0.492789 888 
0.493129 889 
0.49729 890 
0.493605 891 
0.487788 892 
0.504874 893 
0.510694 894 
0.499444 895 
0.505075 896 
0.506043 897 
0.49994 898 
0.50937 899 
0.510022 900 
0.50412 901 
0.502225 902 
0.511977 903 
0.503677 904 
0.493736 905 
0.492206 906 
0.505313 907 
0.496565 908 
0.485857 909 
0.495967 910 
0.494393 911 
0.496465 912 
0.492265 913 
0.503352 914 
0.496624 915 
0.501228 916 
0.499637 917 
0.499688 918 
0.494522 919 
0.50456 920 
0.505507 921 
0.503058 922 
0.497332 923 
0.497152 924 
0.482586 925 
0.493464 926 
0.496005 927 
0.496789 928 
0.497334 929 
0.48869 930 
0.485399 931 
0.496073 932 
0.499181 933 
0.484104 934 
0.496014 935 
0.492235 936 
0.496261 937 
0.496619 938 
0.494839 939 
0.494091 940 
0.499144 941 
0.504519 942 
0.508433 943 
0.501201 944 
0.500808 945 
0.496578 946 
0.494564 947 
0.49402 948 
0.499363 949 
0.501203 950 
0.50073 951 
0.497514 952 
0.498195 953 
0.496924 954 
0.500563 955 
0.49322 956 
0.501194 957 
0.493377 958 
0.499329 959 
0.471126 960 
0.477972 961 
0.484906 962 
0.496627 963 
0.491518 964 
0.48455 965 
0.498392 966 
0.488042 967 
0.488203 968 
0.493238 969 
0.462245 970 
0.495884 971 
0.488092 972 
0.494935 973 
0.485174 974 
0.495677 975 
0.493989 976 
0.491476 977 
0.492652 978 
0.497031 979 
0.497359 980 
0.490792 981 
0.494398 982 
0.492586 983 
0.49363 984 
0.494634 985 
0.488909 986 
0.506281 987 
0.495756 988 
0.49226 989 
0.497976 990 
0.502901 991 
0.487482 992 
0.501806 993 
0.489611 994 
0.494436 995 
0.499798 996 
0.49626 997 
0.5055 998 
0.507544 999 
0.498712 1000 
