inf 1 
inf 2 
0.054 3 
0.096 4 
inf 5 
0.216 6 
0.147 7 
0.384 8 
0.243 9 
0.3 10 
0.242 11 
0.288 12 
0.338 13 
0.392 14 
0.27 15 
0.3072 16 
0.289 17 
0.324 18 
0.361 19 
0.3 20 
0.33075 21 
0.322667 22 
0.352667 23 
0.314182 24 
0.3125 25 
0.338 26 
0.336462 27 
0.336 28 
0.3364 29 
0.3375 30 
0.360375 31 
0.341333 32 
0.343895 33 
0.3468 34 
0.35 35 
0.353455 36 
0.35713 37 
0.361 38 
0.36504 39 
0.355556 40 
0.360214 41 
0.3528 42 
0.357871 43 
0.352 44 
0.357353 45 
0.362743 46 
0.368167 47 
0.363789 48 
0.36015 49 
0.365854 50 
0.371571 51 
0.368727 52 
0.374533 53 
0.3645 54 
0.363 55 
0.361846 56 
0.367811 57 
0.63075 58 
1.16033 59 
1.2 60 
1.17505 61 
1.1532 62 
1.1907 63 
1.17029 64 
1.15227 65 
1.188 66 
1.17104 67 
1.156 68 
1.19025 69 
1.176 70 
0.916545 71 
1.19631 72 
1.18422 73 
1.17343 74 
1.16379 75 
1.19503 76 
1.1858 77 
1.17755 78 
1.17019 79 
1.2 80 
1.19291 81 
1.18659 82 
1.18097 83 
1.2096 84 
1.20417 85 
1.19935 86 
1.19511 87 
1.19138 88 
1.18815 89 
1.18537 90 
1.183 91 
1.18102 92 
1.20684 93 
1.20491 94 
1.20333 95 
1.20209 96 
1.20115 97 
1.2005 98 
1.3365 99 
1.30435 100 
1.15483 101 
1.224 102 
1.22412 103 
1.20178 104 
1.18125 105 
1.32188 106 
1.32104 107 
1.07668 108 
0.727408 109 
0.711765 110 
0.704057 111 
0.730718 112 
0.722774 113 
0.702486 114 
0.702212 115 
0.720857 116 
0.720474 117 
0.714051 118 
0.70805 119 
0.72605 120 
0.820991 121 
0.783368 122 
0.775846 123 
0.802226 124 
0.787815 125 
0.768194 126 
0.727624 127 
0.826084 128 
0.750722 129 
0.724286 130 
0.71011 131 
0.716055 132 
0.737042 133 
0.713483 134 
0.719408 135 
1.156 136 
1.2109 137 
0.928976 138 
0.905672 139 
0.911628 140 
0.917585 141 
0.916545 142 
0.84037 143 
1.12086 144 
1.20143 145 
1.21806 146 
1.21172 147 
0.714261 148 
0.752576 149 
0.745856 150 
0.764279 151 
1.20543 152 
1.20046 153 
1.2059 154 
0.961 155 
0.8112 156 
0.924337 157 
0.924593 158 
0.924915 159 
0.742029 160 
0.80168 161 
1.08596 162 
1.08445 163 
1.03446 164 
1.02736 165 
1.01433 166 
0.800641 167 
1.008 168 
0.85683 169 
1.02 170 
1.02003 171 
0.980685 172 
1.15854 173 
1.21104 174 
1.14844 175 
1.1838 176 
1.17484 177 
1.21085 178 
1.0563 179 
0.986802 180 
0.987769 181 
0.60778 182 
0.376987 183 
0.95369 184 
0.908628 185 
1.22104 186 
1.17873 187 
0.926044 188 
1.14613 189 
1.14603 190 
1.15203 191 
1.14603 192 
1.1888 193 
1.18228 194 
1.18828 195 
1.21956 196 
1.21913 197 
0.952324 198 
1.21228 199 
1.19403 200 
1.18247 201 
1.18272 202 
1.1774 203 
1.21212 204 
1.21226 205 
1.21246 206 
1.21845 207 
1.21301 208 
1.21336 209 
1.29706 210 
1.34234 211 
1.34161 212 
1.34096 213 
1.1793 214 
0.900487 215 
0.992681 216 
1.21782 217 
1.33245 218 
1.33225 219 
1.33211 220 
1.27411 221 
1.332 222 
1.33203 223 
1.33211 224 
1.26037 225 
1.20652 226 
1.16669 227 
1.20893 228 
1.33325 229 
1.33361 230 
1.32849 231 
1.33448 232 
1.34047 233 
1.33551 234 
1.33609 235 
1.33138 236 
1.32683 237 
1.3328 238 
1.33877 239 
1.28476 240 
1.19345 241 
1.19518 242 
1.14658 243 
0.978674 244 
1.32408 245 
1.32035 246 
1.32628 247 
1.31325 248 
1.31917 249 
1.31579 250 
1.3217 251 
1.18699 252 
1.32432 253 
1.30335 254 
1.31807 255 
1.3151 256 
1.31659 257 
1.3181 258 
1.31963 259 
1.31688 260 
1.19162 261 
1.17007 262 
0.896359 263 
1.25202 264 
1.28853 265 
1.32668 266 
1.3161 267 
1.32191 268 
1.31965 269 
1.32145 270 
1.32326 271 
1.29418 272 
1.323 273 
1.31328 274 
1.32289 275 
1.32097 276 
1.31912 277 
1.32487 278 
1.32308 279 
1.29587 280 
1.13613 281 
1.19885 282 
1.20134 283 
1.1746 284 
1.19156 285 
1.1941 286 
1.19375 287 
1.19631 288 
1.21338 289 
1.32094 290 
1.3197 291 
1.24777 292 
1.33444 293 
1.3332 294 
1.33202 295 
1.33425 296 
1.29086 297 
1.20548 298 
1.13166 299 
1.3012 300 
1.32264 301 
1.325 302 
1.32099 303 
1.32338 304 
1.26852 305 
1.32192 306 
1.32434 307 
1.32677 308 
1.32306 309 
1.28993 310 
1.28961 311 
1.29218 312 
1.28625 313 
1.32938 314 
1.30274 315 
1.20308 316 
1.33392 317 
1.32477 318 
1.29908 319 
1.25644 320 
1.25405 321 
1.32363 322 
1.29067 323 
1.29069 324 
1.29073 325 
1.18966 326 
1.28572 327 
1.25584 328 
1.29115 329 
1.29386 330 
1.29149 331 
1.23155 332 
1.19235 333 
1.26052 334 
1.28748 335 
1.30015 336 
1.26422 337 
1.29333 338 
1.22256 339 
1.30131 340 
1.29681 341 
1.30201 342 
1.30239 343 
1.3004 344 
1.26622 345 
1.30126 346 
1.2901 347 
1.27255 348 
1.27097 349 
1.26724 350 
1.21181 351 
1.25578 352 
1.27152 353 
1.25946 354 
1.26871 355 
1.26948 356 
1.25155 357 
1.26063 358 
1.25942 359 
1.26234 360 
1.26117 361 
1.22471 362 
1.25494 363 
1.25987 364 
1.2608 365 
1.23652 366 
1.19018 367 
1.25976 368 
1.26075 369 
1.02804 370 
1.1917 371 
1.18277 372 
1.19767 373 
1.25825 374 
1.25933 375 
1.25668 376 
1.2359 377 
1.23176 378 
1.25451 379 
1.24841 380 
1.18177 381 
1.20432 382 
1.26638 383 
1.26753 384 
1.26328 385 
1.26268 386 
1.26033 387 
1.2306 388 
1.24034 389 
1.26399 390 
1.22961 391 
1.25954 392 
1.2591 393 
1.22878 394 
1.22533 395 
1.22672 396 
1.22972 397 
1.22953 398 
1.23094 399 
1.1985 400 
1.20601 401 
1.23993 402 
1.25251 403 
1.212 404 
1.2521 405 
1.25192 406 
1.24392 407 
1.20918 408 
1.22103 409 
1.21959 410 
1.22112 411 
1.20528 412 
1.2375 413 
1.20701 414 
1.26172 415 
1.21301 416 
1.24503 417 
1.25101 418 
1.25401 419 
1.23645 420 
1.23084 421 
1.231 422 
1.21034 423 
1.19718 424 
1.21225 425 
1.21524 426 
1.21553 427 
1.19338 428 
1.22967 429 
1.2245 430 
1.20363 431 
1.21316 432 
1.21614 433 
1.12901 434 
1.10443 435 
1.14401 436 
1.14353 437 
1.19158 438 
1.25008 439 
1.21634 440 
1.1763 441 
1.24833 442 
1.24208 443 
1.25298 444 
1.2287 445 
1.25631 446 
1.22959 447 
1.26361 448 
1.2483 449 
1.16379 450 
1.16008 451 
1.14349 452 
1.16486 453 
1.20771 454 
1.20832 455 
1.20079 456 
1.19342 457 
1.21368 458 
1.18029 459 
1.2103 460 
1.19843 461 
1.20025 462 
1.20885 463 
1.21066 464 
1.18914 465 
1.22803 466 
1.22752 467 
1.21793 468 
1.20088 469 
1.19837 470 
1.18001 471 
1.19776 472 
1.21153 473 
1.21337 474 
1.2218 475 
1.18008 476 
1.19438 477 
1.16872 478 
1.18574 479 
1.18559 480 
1.22955 481 
1.20583 482 
1.19228 483 
1.22862 484 
1.25565 485 
1.2123 486 
1.24498 487 
1.22544 488 
1.22417 489 
1.23234 490 
1.2342 491 
1.22771 492 
1.22649 493 
1.19919 494 
1.17706 495 
1.19329 496 
1.20102 497 
1.19328 498 
1.19616 499 
1.18297 500 
1.18583 501 
1.21156 502 
1.2096 503 
1.17873 504 
1.18341 505 
1.17 506 
1.12248 507 
1.17658 508 
1.21066 509 
1.17427 510 
1.2164 511 
1.20897 512 
1.19261 513 
1.19998 514 
1.20648 515 
1.20934 516 
1.20763 517 
1.18991 518 
1.22344 519 
1.20894 520 
1.17592 521 
1.17788 522 
1.16561 523 
1.21315 524 
1.20185 525 
1.17986 526 
1.14764 527 
1.14569 528 
1.18493 529 
1.20644 530 
1.19813 531 
1.17113 532 
1.19282 533 
1.14751 534 
1.13356 535 
1.16001 536 
1.16356 537 
1.19276 538 
1.18661 539 
1.16952 540 
1.20033 541 
1.17193 542 
1.17626 543 
1.17202 544 
1.224 545 
1.19167 546 
1.17644 547 
1.14986 548 
1.17505 549 
1.17628 550 
1.18517 551 
1.19414 552 
1.17468 553 
1.19733 554 
1.17567 555 
1.20286 556 
1.16855 557 
1.17718 558 
1.17695 559 
1.17453 560 
1.15991 561 
1.15977 562 
1.17324 563 
1.17091 564 
1.16293 565 
1.16918 566 
1.16693 567 
1.17176 568 
1.20283 569 
1.18002 570 
1.16861 571 
1.16091 572 
1.16498 573 
1.18021 574 
1.18716 575 
1.16277 576 
1.15734 577 
1.16541 578 
1.18599 579 
1.19786 580 
1.20773 581 
1.15017 582 
1.17136 583 
1.17134 584 
1.1945 585 
1.20069 586 
1.20059 587 
1.16347 588 
1.15962 589 
1.16292 590 
1.1887 591 
1.1907 592 
1.16056 593 
1.13879 594 
1.14079 595 
1.15517 596 
1.10801 597 
1.16231 598 
1.15805 599 
1.19734 600 
1.16329 601 
1.176 602 
1.16604 603 
1.16741 604 
1.14681 605 
1.13578 606 
1.15683 607 
1.154 608 
1.1824 609 
1.15679 610 
1.12899 611 
1.1367 612 
1.14564 613 
1.14647 614 
1.16139 615 
1.14122 616 
1.17739 617 
1.13163 618 
1.1832 619 
1.15435 620 
1.17216 621 
1.14746 622 
1.13599 623 
1.15485 624 
1.14609 625 
1.14976 626 
1.1631 627 
1.16912 628 
1.18692 629 
1.14932 630 
1.13977 631 
1.13098 632 
1.10994 633 
1.13547 634 
1.12895 635 
1.1557 636 
1.14087 637 
1.14553 638 
1.16386 639 
1.13306 640 
1.13712 641 
1.13025 642 
1.14265 643 
1.15848 644 
1.16371 645 
1.1371 646 
1.14792 647 
1.16049 648 
1.16515 649 
1.13018 650 
1.11723 651 
1.12959 652 
1.11772 653 
1.13252 654 
1.13499 655 
1.13346 656 
1.07912 657 
1.12264 658 
1.14284 659 
1.13192 660 
1.12175 661 
1.13584 662 
1.12903 663 
1.12521 664 
1.12621 665 
1.10567 666 
1.10899 667 
1.11742 668 
1.11565 669 
1.14224 670 
1.152 671 
1.14036 672 
1.13897 673 
1.1414 674 
1.12269 675 
1.11594 676 
1.12061 677 
1.05918 678 
1.07594 679 
1.09444 680 
1.07311 681 
1.10306 682 
1.11334 683 
1.11927 684 
1.12121 685 
1.10124 686 
1.13363 687 
1.1545 688 
1.10744 689 
1.13088 690 
1.15194 691 
1.1294 692 
1.11599 693 
1.09879 694 
1.11984 695 
1.1085 696 
1.10579 697 
1.11023 698 
1.12884 699 
1.15566 700 
1.14679 701 
1.10083 702 
1.12619 703 
1.14726 704 
1.13218 705 
1.10436 706 
1.10099 707 
1.12601 708 
1.11666 709 
1.10467 710 
1.14935 711 
1.13073 712 
1.12223 713 
1.10745 714 
1.11096 715 
1.11934 716 
1.10083 717 
1.10273 718 
1.11015 719 
1.11484 720 
1.09556 721 
1.10715 722 
1.11219 723 
1.13213 724 
1.11835 725 
1.10653 726 
1.09578 727 
1.09388 728 
1.10487 729 
1.12545 730 
1.10825 731 
1.11052 732 
1.11625 733 
1.08402 734 
1.11081 735 
1.08993 736 
1.07028 737 
1.05042 738 
1.05735 739 
1.08579 740 
1.09089 741 
1.07742 742 
1.07927 743 
1.07448 744 
1.08722 745 
1.04543 746 
1.0683 747 
1.07425 748 
1.07164 749 
1.10078 750 
1.08741 751 
1.06032 752 
1.07118 753 
1.06232 754 
1.09973 755 
1.08382 756 
1.07514 757 
1.07462 758 
1.0788 759 
1.09153 760 
1.06948 761 
1.04432 762 
1.10399 763 
1.06774 764 
1.09627 765 
1.06845 766 
1.05428 767 
1.07403 768 
1.04944 769 
1.07833 770 
1.06722 771 
1.0564 772 
1.07148 773 
1.07877 774 
1.05775 775 
1.0546 776 
1.07585 777 
1.0463 778 
1.03409 779 
1.01711 780 
1.0673 781 
1.05133 782 
1.03301 783 
1.04445 784 
1.05218 785 
1.06181 786 
1.05574 787 
1.01544 788 
1.06081 789 
1.04715 790 
1.02571 791 
1.06376 792 
1.07988 793 
1.05365 794 
1.05956 795 
1.03673 796 
1.07632 797 
1.08454 798 
1.08757 799 
1.07987 800 
1.09147 801 
1.08132 802 
1.08038 803 
1.07259 804 
1.08912 805 
1.07823 806 
1.06733 807 
1.07733 808 
1.08268 809 
1.09685 810 
1.08237 811 
1.08385 812 
1.08385 813 
1.06015 814 
1.04165 815 
1.05052 816 
1.05116 817 
1.0726 818 
1.06442 819 
1.08481 820 
1.09452 821 
1.10919 822 
1.08344 823 
1.07745 824 
1.0795 825 
1.07955 826 
1.08589 827 
1.1037 828 
1.07298 829 
1.07389 830 
1.07425 831 
1.05845 832 
1.09016 833 
1.06981 834 
1.0954 835 
1.0722 836 
1.0693 837 
1.07651 838 
1.09389 839 
1.06936 840 
1.07435 841 
1.06772 842 
1.08551 843 
1.07495 844 
1.09178 845 
0.999603 846 
1.02928 847 
0.986651 848 
0.905529 849 
0.925491 850 
0.96453 851 
0.902866 852 
0.966708 853 
1.01623 854 
1.02504 855 
1.013 856 
1.02172 857 
0.989246 858 
0.955392 859 
1.00855 860 
1.00586 861 
0.981348 862 
1.01306 863 
1.02894 864 
0.99476 865 
0.995077 866 
0.997155 867 
1.01929 868 
1.13331 869 
1.12106 870 
1.05123 871 
1.03618 872 
1.02967 873 
1.02879 874 
1.04309 875 
1.04809 876 
1.07146 877 
1.0682 878 
1.06645 879 
1.07035 880 
1.06616 881 
1.05936 882 
1.05625 883 
1.07986 884 
1.05841 885 
1.0551 886 
1.05277 887 
0.992712 888 
1.0399 889 
1.05473 890 
1.03866 891 
1.07643 892 
1.08129 893 
1.05859 894 
1.06331 895 
1.07376 896 
1.08316 897 
1.0714 898 
1.07141 899 
1.05929 900 
1.07286 901 
1.0433 902 
1.05577 903 
1.04481 904 
1.04802 905 
1.06625 906 
1.09638 907 
1.06888 908 
1.07008 909 
1.06485 910 
1.0656 911 
1.06248 912 
1.05805 913 
1.05524 914 
1.05333 915 
1.05719 916 
1.05595 917 
1.06877 918 
1.05879 919 
1.05734 920 
1.05788 921 
1.05382 922 
1.04382 923 
1.00366 924 
1.06576 925 
1.04592 926 
1.04818 927 
1.02951 928 
1.04064 929 
1.06188 930 
1.04723 931 
1.02897 932 
1.05749 933 
1.06277 934 
1.06569 935 
1.07365 936 
1.06744 937 
1.05814 938 
1.05301 939 
1.07385 940 
1.06067 941 
1.06038 942 
0.9435 943 
1.07022 944 
1.04631 945 
1.05845 946 
1.04442 947 
1.04077 948 
1.05519 949 
1.05782 950 
1.0586 951 
1.05568 952 
1.05667 953 
1.05358 954 
1.05906 955 
1.05943 956 
1.04649 957 
1.05875 958 
1.0626 959 
1.07601 960 
1.06807 961 
1.05705 962 
1.06492 963 
1.05722 964 
1.05342 965 
1.04614 966 
1.05007 967 
1.06783 968 
1.0731 969 
1.06376 970 
1.06196 971 
1.04319 972 
1.05839 973 
1.03756 974 
1.05684 975 
1.05861 976 
1.0683 977 
1.0374 978 
1.03559 979 
1.04638 980 
1.03554 981 
1.06262 982 
1.05394 983 
1.0462 984 
1.04889 985 
1.06639 986 
1.07169 987 
1.05987 988 
1.06106 989 
1.03042 990 
1.05073 991 
1.0441 992 
1.04862 993 
1.0437 994 
1.03903 995 
1.03587 996 
1.04651 997 
1.03356 998 
1.06891 999 
1.05634 1000 
