inf 1 
inf 2 
0.054 3 
inf 4 
0.15 5 
0.216 6 
0.294 7 
0.192 8 
0.243 9 
0.3 10 
0.363 11 
0.288 12 
0.338 13 
0.294 14 
0.3375 15 
0.3072 16 
0.289 17 
0.324 18 
0.309429 19 
0.3 20 
0.294 21 
0.322667 22 
0.3174 23 
0.314182 24 
0.3125 25 
0.338 26 
0.312429 27 
0.336 28 
0.315375 29 
0.317647 30 
0.320333 31 
0.341333 32 
0.3267 33 
0.330286 34 
0.334091 35 
0.338087 36 
0.32856 37 
0.320889 38 
0.325929 39 
0.342857 40 
0.325355 41 
0.341419 42 
0.336182 43 
0.331886 44 
0.328378 45 
0.334105 46 
0.33135 47 
0.3456 48 
0.327409 49 
0.333333 50 
0.339261 51 
0.338 52 
0.33708 53 
0.336462 54 
0.336111 55 
0.336 56 
0.342 57 
0.3364 58 
0.342393 59 
0.3375 60 
0.338273 61 
0.339176 62 
0.335408 63 
0.341333 64 
0.333553 65 
0.335077 66 
0.340937 67 
0.342519 68 
0.336071 69 
0.337931 70 
0.339843 71 
0.341802 72 
0.340149 73 
0.338722 74 
0.340909 75 
0.343129 76 
0.3388 77 
0.338 78 
0.340418 79 
0.339823 80 
0.339362 81 
0.3362 82 
0.322922 83 
0.344195 84 
0.338672 85 
0.338748 86 
0.341459 87 
0.344178 88 
0.337064 89 
0.3375 90 
0.338 91 
0.343135 92 
0.270281 93 
0.301227 94 
0.353922 95 
0.308916 96 
0.355057 97 
0.36015 98 
0.354253 99 
0.357143 100 
0.263819 101 
0.249696 102 
0.190012 103 
0.246753 104 
0.246828 105 
0.249689 106 
0.245336 107 
0.246423 108 
0.246664 109 
0.339252 110 
0.35036 111 
0.353352 112 
0.354694 113 
0.354436 114 
0.363991 115 
0.362045 116 
0.355558 117 
0.355506 118 
0.360025 119 
0.45 120 
0.474843 121 
0.470021 122 
0.475257 123 
0.475546 124 
0.475888 125 
0.47391 126 
0.476719 127 
0.477204 128 
0.475457 129 
0.704167 130 
0.700449 131 
0.661671 132 
0.70756 133 
1.04598 134 
1.04143 135 
0.948513 136 
1.04272 137 
1.03876 138 
1.04438 139 
1.05946 140 
1.04637 141 
1.04297 142 
1.05771 143 
1.04551 144 
0.819156 145 
0.722576 146 
0.708492 147 
0.602862 148 
0.752576 149 
1.01504 150 
1.00593 151 
1.02684 152 
1.06405 153 
0.988167 154 
0.792033 155 
1.1232 156 
1.12041 157 
1.11779 158 
1.11534 159 
1.12941 160 
1.11889 161 
1.11677 162 
1.11478 163 
1.1285 164 
1.11884 165 
1.10964 166 
1.11556 167 
1.11411 168 
1.11277 169 
1.12597 170 
1.12465 171 
1.12344 172 
1.10848 173 
0.84886 174 
1.09375 175 
1.02119 176 
1.11227 177 
1.11826 178 
1.11125 179 
1.07403 180 
1.13622 181 
1.13568 182 
1.08029 183 
1.11613 184 
1.11 185 
1.116 186 
1.11603 187 
1.01954 188 
0.961103 189 
0.962667 190 
0.994936 191 
0.949288 192 
1.03951 193 
1.04063 194 
0.887743 195 
0.83513 196 
0.885376 197 
1.00095 198 
1.00256 199 
0.995851 200 
1.11708 201 
1.12822 202 
1.11376 203 
1.04475 204 
1.02085 205 
1.0609 206 
1.06237 207 
1.05953 208 
1.12003 209 
1.12119 210 
1.12711 211 
1.24269 212 
1.23734 213 
1.23773 214 
1.23817 215 
1.23865 216 
1.23377 217 
1.23439 218 
1.16978 219 
1.24103 220 
1.23648 221 
1.2321 222 
1.23807 223 
1.23891 224 
1.2398 225 
1.24071 226 
1.24166 227 
1.24762 228 
1.23876 229 
1.23984 230 
1.11946 231 
1.10977 232 
1.16334 233 
1.22588 234 
1.22722 235 
1.20641 236 
1.16212 237 
1.23139 238 
1.23728 239 
1.22989 240 
1.23577 241 
1.23293 242 
1.23019 243 
1.18283 244 
1.22918 245 
1.22668 246 
1.11602 247 
1.11152 248 
1.10716 249 
1.10294 250 
1.10206 251 
1.0949 252 
1.10678 253 
1.09659 254 
1.12112 255 
1.08623 256 
1.12584 257 
1.23267 258 
1.23842 259 
1.21802 260 
1.10169 261 
1.12225 262 
1.07796 263 
1.23721 264 
1.23202 265 
1.23412 266 
1.23266 267 
1.23834 268 
1.1895 269 
1.22521 270 
1.24126 271 
1.24343 272 
1.08537 273 
1.10406 274 
1.16645 275 
1.1175 276 
1.09352 277 
1.11467 278 
1.11733 279 
1.11469 280 
1.21791 281 
1.23934 282 
1.12013 283 
1.11764 284 
1.09764 285 
1.12049 286 
1.11561 287 
1.09618 288 
1.14674 289 
1.22774 290 
1.2243 291 
1.2387 292 
1.23228 293 
1.2348 294 
1.23149 295 
1.20572 296 
1.23082 297 
1.23625 298 
1.23312 299 
1.23853 300 
1.23547 301 
1.22972 302 
1.22958 303 
1.12246 304 
1.24866 305 
1.25686 306 
1.25387 307 
1.25926 308 
1.23467 309 
1.24805 310 
1.21407 311 
1.248 312 
1.24801 313 
1.256 314 
1.24811 315 
1.25605 316 
1.2509 317 
1.21107 318 
1.25116 319 
1.25388 320 
1.2566 321 
1.25172 322 
1.23955 323 
1.21126 324 
1.19126 325 
1.22391 326 
1.22672 327 
1.18224 328 
1.22769 329 
1.09264 330 
1.17597 331 
1.25255 332 
1.25063 333 
1.24644 334 
1.24694 335 
1.20102 336 
1.14716 337 
1.23285 338 
1.2335 339 
1.22113 340 
1.2176 341 
1.21837 342 
1.10296 343 
1.16206 344 
1.11412 345 
1.11191 346 
1.09795 347 
1.09762 348 
1.19218 349 
1.09375 350 
1.09027 351 
1.09488 352 
1.11093 353 
1.21863 354 
1.2196 355 
1.2051 356 
1.21961 357 
1.21868 358 
1.13552 359 
1.16233 360 
1.19015 361 
1.18058 362 
1.17302 363 
1.183 364 
1.21667 365 
1.2141 366 
1.21524 367 
1.22187 368 
1.19614 369 
1.19216 370 
1.1917 371 
1.1964 372 
1.19083 373 
1.16888 374 
1.20021 375 
1.2032 376 
1.19772 377 
1.15384 378 
1.16623 379 
1.17081 380 
1.16908 381 
1.16584 382 
1.1596 383 
1.17029 384 
1.155 385 
1.17013 386 
1.15503 387 
1.16852 388 
1.17001 389 
1.17 390 
1.16852 391 
1.14961 392 
1.16565 393 
1.16573 394 
1.15432 395 
1.13498 396 
1.16747 397 
1.17047 398 
1.1706 399 
1.14833 400 
1.16805 401 
1.16822 402 
1.16841 403 
1.13739 404 
1.10828 405 
1.10628 406 
1.15569 407 
1.15466 408 
1.15366 409 
1.15665 410 
1.15304 411 
1.17335 412 
1.1723 413 
1.17933 414 
1.13805 415 
1.17993 416 
1.16574 417 
1.16096 418 
1.16137 419 
1.16436 420 
1.16478 421 
1.1589 422 
1.15067 423 
1.16486 424 
1.15785 425 
1.15959 426 
1.16504 427 
1.18822 428 
1.18101 429 
1.16902 430 
1.18068 431 
1.18116 432 
1.18041 433 
1.16629 434 
1.17531 435 
1.17828 436 
1.1692 437 
1.17937 438 
1.17274 439 
1.18169 440 
1.16456 441 
1.14807 442 
1.15102 443 
1.12972 444 
1.13481 445 
1.13235 446 
1.12993 447 
1.13392 448 
1.13365 449 
1.12188 450 
1.10244 451 
1.10734 452 
1.14323 453 
1.09345 454 
1.14907 455 
1.11494 456 
1.15174 457 
1.14834 458 
1.14917 459 
1.13054 460 
1.17849 461 
1.17708 462 
1.16189 463 
1.16271 464 
1.1625 465 
1.1623 466 
1.16314 467 
1.14772 468 
1.13773 469 
1.14555 470 
1.14548 471 
1.14248 472 
1.13857 473 
1.14242 474 
1.13665 475 
1.13953 476 
1.1236 477 
1.12646 478 
1.13118 479 
1.12757 480 
1.10259 481 
1.14634 482 
1.10389 483 
1.12443 484 
1.1219 485 
1.12296 486 
1.12314 487 
1.1198 488 
1.09772 489 
1.14697 490 
1.14619 491 
1.13912 492 
1.14466 493 
1.13947 494 
1.13701 495 
1.13284 496 
1.14533 497 
1.14463 498 
1.13959 499 
1.14767 500 
1.14525 501 
1.12669 502 
1.14484 503 
1.14079 504 
1.14618 505 
1.13794 506 
1.12412 507 
1.08735 508 
1.08327 509 
1.09747 510 
1.09638 511 
1.13564 512 
1.15425 513 
1.13796 514 
1.12383 515 
1.12344 516 
1.12385 517 
1.12348 518 
1.10243 519 
1.14013 520 
1.11551 521 
1.10243 522 
1.10146 523 
1.12531 524 
1.12653 525 
1.12242 526 
1.12822 527 
1.11887 528 
1.14066 529 
1.1319 530 
1.11889 531 
1.12163 532 
1.11045 533 
1.11826 534 
1.11227 535 
1.11571 536 
1.11268 537 
1.11826 538 
1.11524 539 
1.11653 540 
1.11498 541 
1.09818 542 
1.11334 543 
1.08933 544 
1.08734 545 
1.10141 546 
1.11024 547 
1.08023 548 
1.09335 549 
1.10133 550 
1.10871 551 
1.10869 552 
1.10467 553 
1.12837 554 
1.108 555 
1.09558 556 
1.09952 557 
1.10609 558 
1.09835 559 
1.10164 560 
1.09468 561 
1.09859 562 
1.10378 563 
1.10131 564 
1.09511 565 
1.06785 566 
1.06866 567 
1.0677 568 
1.09626 569 
1.09333 570 
1.1115 571 
1.10287 572 
1.10735 573 
1.07848 574 
1.10886 575 
1.09738 576 
1.08152 577 
1.0806 578 
1.07968 579 
1.12133 580 
1.10434 581 
1.11483 582 
1.10473 583 
1.09254 584 
1.07957 585 
1.07255 586 
1.12116 587 
1.13607 588 
1.13065 589 
1.10684 590 
1.10707 591 
1.10615 592 
1.11635 593 
1.12667 594 
1.10806 595 
1.11645 596 
1.10059 597 
1.10372 598 
1.10344 599 
1.10036 600 
1.08036 601 
1.07858 602 
1.09521 603 
1.09445 604 
1.10304 605 
1.11059 606 
1.08901 607 
1.08831 608 
1.11042 609 
1.08431 610 
1.08576 611 
1.10052 612 
1.09077 613 
1.1061 614 
1.09577 615 
1.08779 616 
1.08562 617 
1.09382 618 
1.09215 619 
1.09829 620 
1.1135 621 
1.11601 622 
1.10683 623 
1.10828 624 
1.1019 625 
1.05437 626 
1.0885 627 
1.07804 628 
1.09849 629 
1.08939 630 
1.11063 631 
1.10491 632 
1.0913 633 
1.0898 634 
1.11234 635 
1.09176 636 
1.07016 637 
1.08401 638 
1.09031 639 
1.08792 640 
1.08032 641 
1.06963 642 
1.05025 643 
1.07445 644 
1.03275 645 
0.999958 646 
1.00226 647 
0.98415 648 
1.07176 649 
1.07872 650 
1.07792 651 
1.05354 652 
1.02297 653 
1.01475 654 
1.01185 655 
0.954535 656 
1.07464 657 
1.00846 658 
1.03565 659 
1.01146 660 
1.05452 661 
1.07281 662 
1.04826 663 
1.06927 664 
1.07076 665 
1.03393 666 
1.06263 667 
1.07957 668 
1.06859 669 
1.0765 670 
1.08188 671 
1.09122 672 
1.01896 673 
1.05523 674 
1.09789 675 
1.08075 676 
1.08566 677 
1.07152 678 
1.08651 679 
1.06299 680 
1.06693 681 
1.06072 682 
1.08025 683 
1.0927 684 
1.07007 685 
1.0175 686 
0.965172 687 
1.06131 688 
1.0704 689 
1.09114 690 
1.06383 691 
1.08504 692 
1.09106 693 
1.08477 694 
1.07458 695 
1.05346 696 
1.10789 697 
1.07432 698 
1.07071 699 
1.07299 700 
1.05602 701 
1.05601 702 
1.06856 703 
1.07392 704 
1.11859 705 
1.0875 706 
1.08153 707 
1.0776 708 
1.10804 709 
1.01633 710 
1.09499 711 
1.08014 712 
1.10196 713 
1.07213 714 
1.09003 715 
1.03637 716 
1.03996 717 
1.05245 718 
1.10148 719 
1.06411 720 
1.07776 721 
1.08714 722 
1.09434 723 
1.03831 724 
1.07673 725 
1.09503 726 
1.092 727 
1.10567 728 
1.07507 729 
1.0824 730 
1.02368 731 
1.06702 732 
1.10402 733 
1.08184 734 
1.09357 735 
1.05903 736 
1.0962 737 
1.081 738 
1.08429 739 
1.06056 740 
1.09053 741 
1.09492 742 
1.06402 743 
1.07518 744 
1.06056 745 
1.09766 746 
1.1046 747 
1.1205 748 
1.08827 749 
1.065 750 
1.04123 751 
1.07818 752 
1.04711 753 
1.07368 754 
1.06216 755 
1.08933 756 
1.10025 757 
1.09025 758 
1.12333 759 
1.06996 760 
1.05231 761 
1.05476 762 
1.08277 763 
1.05966 764 
1.07217 765 
1.07695 766 
1.09077 767 
1.05169 768 
1.04975 769 
1.01669 770 
1.08607 771 
1.07805 772 
1.0629 773 
1.06031 774 
1.08253 775 
0.963739 776 
1.05179 777 
1.11027 778 
1.15515 779 
1.13791 780 
0.736223 781 
1.07536 782 
1.04891 783 
1.04326 784 
1.07325 785 
1.07567 786 
0.998982 787 
1.04244 788 
1.05512 789 
1.10168 790 
1.03049 791 
1.06286 792 
1.10908 793 
1.08229 794 
1.06372 795 
1.04788 796 
1.0482 797 
0.986783 798 
1.08787 799 
1.08936 800 
1.10462 801 
1.07559 802 
1.03114 803 
1.00142 804 
0.985589 805 
1.04667 806 
1.08091 807 
1.0812 808 
1.07439 809 
1.05681 810 
1.06198 811 
1.0986 812 
1.08563 813 
1.08267 814 
1.0676 815 
1.07889 816 
1.08359 817 
1.0652 818 
1.08831 819 
1.03926 820 
1.04314 821 
0.98953 822 
1.07059 823 
1.06953 824 
1.05387 825 
1.06578 826 
1.08388 827 
1.04696 828 
1.10105 829 
1.06202 830 
1.07425 831 
1.07627 832 
1.07858 833 
1.06219 834 
1.09915 835 
1.07385 836 
1.07203 837 
1.07569 838 
1.07606 839 
1.07616 840 
1.07544 841 
1.01474 842 
1.06173 843 
1.06877 844 
1.06544 845 
1.05954 846 
1.05969 847 
1.06903 848 
1.0812 849 
1.07302 850 
1.07982 851 
1.08344 852 
1.08168 853 
1.10196 854 
1.04932 855 
1.06194 856 
1.05701 857 
1.09848 858 
1.06094 859 
1.05206 860 
1.0424 861 
1.08079 862 
1.06649 863 
1.0845 864 
1.06031 865 
1.09111 866 
1.07002 867 
1.08615 868 
1.05519 869 
1.07311 870 
1.08017 871 
1.07703 872 
1.0885 873 
1.03087 874 
1.07607 875 
1.0658 876 
1.06651 877 
1.0749 878 
1.0486 879 
1.0793 880 
1.0718 881 
1.06105 882 
1.07816 883 
1.07663 884 
1.0078 885 
1.05369 886 
1.09807 887 
1.02364 888 
1.04771 889 
1.07525 890 
0.980705 891 
1.09696 892 
1.09465 893 
1.03528 894 
1.04119 895 
1.10025 896 
1.09545 897 
1.03187 898 
1.00857 899 
1.06813 900 
1.05818 901 
1.03997 902 
1.07526 903 
1.00519 904 
1.07155 905 
1.08171 906 
1.09105 907 
1.07609 908 
1.04416 909 
1.07013 910 
1.05992 911 
1.00634 912 
1.07766 913 
1.07724 914 
1.08402 915 
1.09347 916 
1.07668 917 
1.06854 918 
1.09023 919 
1.08351 920 
1.07827 921 
1.00206 922 
1.08296 923 
1.069 924 
1.06069 925 
1.07859 926 
1.03161 927 
1.01835 928 
1.07321 929 
1.05091 930 
1.0692 931 
1.08015 932 
1.09038 933 
1.0821 934 
1.02769 935 
1.06452 936 
1.02686 937 
1.07714 938 
1.05343 939 
1.03933 940 
1.08626 941 
1.0793 942 
1.08688 943 
1.09052 944 
1.1025 945 
0.968524 946 
1.05901 947 
1.06376 948 
1.08615 949 
1.09438 950 
1.06026 951 
1.06666 952 
1.05585 953 
1.07642 954 
1.06091 955 
1.07966 956 
1.08556 957 
1.0241 958 
1.04708 959 
1.04866 960 
1.07034 961 
1.06414 962 
1.07086 963 
1.04749 964 
1.06223 965 
1.08781 966 
1.07481 967 
1.08347 968 
1.00801 969 
1.05561 970 
1.06696 971 
1.04512 972 
1.06354 973 
1.05978 974 
1.04618 975 
1.07575 976 
1.06532 977 
1.06256 978 
1.06731 979 
1.00478 980 
1.07767 981 
1.08229 982 
1.04201 983 
1.06168 984 
1.05881 985 
1.0248 986 
1.05869 987 
1.06218 988 
1.09226 989 
1.06745 990 
1.08617 991 
1.0606 992 
1.09237 993 
1.06776 994 
1.08675 995 
1.06079 996 
1.06235 997 
1.04769 998 
1.07621 999 
1.06496 1000 
