0.006 1 
0.024 2 
0.027 3 
0.048 4 
0.05 5 
0.054 6 
0.0588 7 
0.096 8 
0.0972 9 
0.1 10 
0.103714 11 
0.096 12 
0.1014 13 
0.106909 14 
0.1125 15 
0.109714 16 
0.108375 17 
0.108 18 
0.114 19 
0.109091 20 
0.115043 21 
0.111692 22 
0.0813846 23 
0.0677647 24 
0.117188 25 
0.119294 26 
0.115105 27 
0.0735 28 
0.114682 29 
0.114894 30 
0.11532 31 
0.115925 32 
0.114632 33 
0.1156 34 
0.113077 35 
0.114353 36 
0.11569 37 
0.118685 38 
0.118519 39 
0.117073 40 
0.117279 41 
0.116308 42 
0.116779 43 
0.117333 44 
0.116827 45 
0.117556 46 
0.11045 47 
0.125673 48 
0.127487 49 
0.127119 50 
0.127918 51 
0.127748 52 
0.128656 53 
0.124971 54 
0.117857 55 
0.11834 56 
0.118866 57 
0.118035 58 
0.11867 59 
0.117391 60 
0.118127 61 
0.117673 62 
0.102206 63 
0.131422 64 
0.131347 65 
0.126874 66 
0.0633741 67 
0.118564 68 
0.118041 69 
0.118072 70 
0.119079 71 
0.0990573 72 
0.063948 73 
0.0705064 74 
0.0725806 75 
0.0738934 76 
0.0741125 77 
0.0788423 78 
0.102592 79 
0.0977099 80 
0.110579 81 
0.111448 82 
0.110815 83 
0.196912 84 
0.20257 85 
0.20263 86 
0.13597 87 
0.180093 88 
0.194779 89 
0.276136 90 
0.277575 91 
0.279033 92 
0.277508 93 
0.279032 94 
0.152535 95 
0.146286 96 
0.241256 97 
0.286687 98 
0.289685 99 
0.263158 100 
0.307568 101 
0.344884 102 
0.374435 103 
0.368727 104 
0.378 105 
0.380881 106 
0.371319 107 
0.374246 108 
0.414453 109 
0.4125 110 
0.415315 111 
0.415823 112 
0.420956 113 
0.419226 114 
0.419841 115 
0.418321 116 
0.414818 117 
0.413584 118 
0.393361 119 
0.389189 120 
0.385289 121 
0.415367 122 
0.407058 123 
0.429098 124 
0.432028 125 
0.421487 126 
0.398247 127 
0.4096 128 
0.432234 129 
0.433333 130 
0.391506 131 
0.39009 132 
0.388769 133 
0.38754 134 
0.387766 135 
0.384 136 
0.389668 137 
0.388653 138 
0.423088 139 
0.430769 140 
0.430635 141 
0.430548 142 
0.432021 143 
0.429021 144 
0.433505 145 
0.433546 146 
0.43218 147 
0.432316 148 
0.306221 149 
0.389049 150 
0.389761 151 
0.389393 152 
0.391237 153 
0.387728 154 
0.389595 155 
0.392516 156 
0.352129 157 
0.310112 158 
0.336333 159 
0.353103 160 
0.2415 161 
0.201103 162 
0.369014 163 
0.373556 164 
0.370408 165 
0.364176 166 
0.382041 167 
0.379695 168 
0.380813 169 
0.379431 170 
0.378933 171 
0.376866 172 
0.378051 173 
0.310523 174 
0.423387 175 
0.41954 176 
0.423365 177 
0.423394 178 
0.423449 179 
0.423529 180 
0.423634 181 
0.415782 182 
0.435866 183 
0.434051 184 
0.435987 185 
0.43517 186 
0.435299 187 
0.432784 188 
0.393982 189 
0.40037 190 
0.436028 191 
0.435402 192 
0.408581 193 
0.414341 194 
0.361569 195 
0.385445 196 
0.312556 197 
0.4356 198 
0.435974 199 
0.427046 200 
0.435199 201 
0.40601 202 
0.404671 203 
0.427562 204 
0.423782 205 
0.402873 206 
0.38258 207 
0.380622 208 
0.419338 209 
0.42336 210 
0.426038 211 
0.416791 212 
0.393373 213 
0.386464 214 
0.354668 215 
0.433337 216 
0.436009 217 
0.391681 218 
0.389927 219 
0.392432 220 
0.426559 221 
0.425473 222 
0.423226 223 
0.425822 224 
0.42129 225 
0.426225 226 
0.42586 227 
0.415872 228 
0.415649 229 
0.411673 230 
0.364239 231 
0.393354 232 
0.391037 233 
0.389722 234 
0.39213 235 
0.378455 236 
0.392333 237 
0.393817 238 
0.38123 239 
0.383574 240 
0.382112 241 
0.380698 242 
0.384684 243 
0.405007 244 
0.405574 245 
0.405241 246 
0.4027 247 
0.405521 248 
0.405235 249 
0.405405 250 
0.402134 251 
0.404484 252 
0.393498 253 
0.400306 254 
0.395289 255 
0.401241 256 
0.404382 257 
0.386251 258 
0.41323 259 
0.412614 260 
0.404279 261 
0.402211 262 
0.404892 263 
0.399786 264 
0.403979 265 
0.396392 266 
0.404668 267 
0.405404 268 
0.4035 269 
0.403506 270 
0.404634 271 
0.396343 272 
0.392947 273 
0.389331 274 
0.393539 275 
0.397786 276 
0.365666 277 
0.388362 278 
0.400898 279 
0.402395 280 
0.40252 281 
0.401975 282 
0.40381 283 
0.393444 284 
0.393341 285 
0.369839 286 
0.393482 287 
0.392479 288 
0.383124 289 
0.404327 290 
0.402285 291 
0.39627 292 
0.393803 293 
0.391408 294 
0.376189 295 
0.393485 296 
0.393205 297 
0.393809 298 
0.397927 299 
0.405101 300 
0.403568 301 
0.398271 302 
0.38095 303 
0.394098 304 
0.393063 305 
0.393153 306 
0.395174 307 
0.400552 308 
0.403725 309 
0.397107 310 
0.374404 311 
0.382993 312 
0.386212 313 
0.404082 314 
0.404175 315 
0.394688 316 
0.393047 317 
0.371779 318 
0.39366 319 
0.389354 320 
0.392039 321 
0.38833 322 
0.3932 323 
0.39366 324 
0.380402 325 
0.393372 326 
0.390965 327 
0.39336 328 
0.392178 329 
0.393141 330 
0.392692 331 
0.370293 332 
0.392759 333 
0.394191 334 
0.39171 335 
0.393366 336 
0.392972 337 
0.381661 338 
0.393565 339 
0.390761 340 
0.393728 341 
0.392716 342 
0.391077 343 
0.385459 344 
0.376264 345 
0.38932 346 
0.390938 347 
0.384864 348 
0.393118 349 
0.384414 350 
0.375041 351 
0.379685 352 
0.377412 353 
0.387575 354 
0.388966 355 
0.379639 356 
0.392352 357 
0.390744 358 
0.39353 359 
0.387058 360 
0.374845 361 
0.381311 362 
0.388317 363 
0.392581 364 
0.38672 365 
0.392258 366 
0.391728 367 
0.381476 368 
0.39183 369 
0.393014 370 
0.392512 371 
0.391653 372 
0.3831 373 
0.383572 374 
0.377855 375 
0.381925 376 
0.381896 377 
0.377833 378 
0.384067 379 
0.391505 380 
0.388651 381 
0.382835 382 
0.392217 383 
0.391303 384 
0.390751 385 
0.393302 386 
0.382226 387 
0.393065 388 
0.383739 389 
0.392516 390 
0.39217 391 
0.384 392 
0.387738 393 
0.384406 394 
0.381479 395 
0.371016 396 
0.3882 397 
0.391604 398 
0.391799 399 
0.392317 400 
0.371365 401 
0.387385 402 
0.39245 403 
0.392032 404 
0.392404 405 
0.378209 406 
0.392223 407 
0.388783 408 
0.380906 409 
0.372452 410 
0.391172 411 
0.383602 412 
0.383158 413 
0.377663 414 
0.390976 415 
0.390205 416 
0.387568 417 
0.385421 418 
0.385707 419 
0.381405 420 
0.388544 421 
0.382702 422 
0.388554 423 
0.388006 424 
0.389558 425 
0.375468 426 
0.386427 427 
0.387145 428 
0.390055 429 
0.379932 430 
0.386064 431 
0.386252 432 
0.383675 433 
0.385449 434 
0.388021 435 
0.383387 436 
0.392133 437 
0.383305 438 
0.387899 439 
0.382231 440 
0.391835 441 
0.373902 442 
0.386698 443 
0.385157 444 
0.392258 445 
0.382531 446 
0.388104 447 
0.390982 448 
0.38182 449 
0.384494 450 
0.388788 451 
0.386695 452 
0.383688 453 
0.38205 454 
0.387445 455 
0.38471 456 
0.381227 457 
0.3822 458 
0.372228 459 
0.379779 460 
0.374157 461 
0.386324 462 
0.377078 463 
0.379488 464 
0.385085 465 
0.384801 466 
0.38396 467 
0.378825 468 
0.38343 469 
0.372827 470 
0.381061 471 
0.376749 472 
0.38277 473 
0.38297 474 
0.393189 475 
0.382299 476 
0.381867 477 
0.386606 478 
0.38336 479 
0.385392 480 
0.376912 481 
0.381798 482 
0.386988 483 
0.379875 484 
0.378988 485 
0.374221 486 
0.373299 487 
0.384724 488 
0.390614 489 
0.373309 490 
0.380154 491 
0.386684 492 
0.384876 493 
0.376599 494 
0.374274 495 
0.378875 496 
0.369129 497 
0.377288 498 
0.387651 499 
0.376506 500 
0.388346 501 
0.373801 502 
0.379893 503 
0.390393 504 
0.379596 505 
0.382905 506 
0.389763 507 
0.377839 508 
0.386977 509 
0.388983 510 
0.372586 511 
0.386548 512 
0.385501 513 
0.378957 514 
0.384477 515 
0.383931 516 
0.385884 517 
0.380781 518 
0.383796 519 
0.374775 520 
0.377176 521 
0.3855 522 
0.390013 523 
0.373658 524 
0.390219 525 
0.381622 526 
0.376752 527 
0.380333 528 
0.38661 529 
0.379595 530 
0.368015 531 
0.378965 532 
0.381755 533 
0.380293 534 
0.384367 535 
0.381873 536 
0.376215 537 
0.371717 538 
0.386417 539 
0.387165 540 
0.390502 541 
0.380605 542 
0.385088 543 
0.388198 544 
0.383836 545 
0.379685 546 
0.388415 547 
0.382309 548 
0.381038 549 
0.377182 550 
0.373586 551 
0.37641 552 
0.379808 553 
0.38695 554 
0.383912 555 
0.375469 556 
0.379046 557 
0.380718 558 
0.381773 559 
0.381741 560 
0.345404 561 
0.330958 562 
0.351147 563 
0.346196 564 
0.379804 565 
0.382362 566 
0.363538 567 
0.377191 568 
0.383603 569 
0.372592 570 
0.371769 571 
0.386438 572 
0.36569 573 
0.380238 574 
0.382299 575 
0.382451 576 
0.385186 577 
0.380289 578 
0.379518 579 
0.388752 580 
0.384028 581 
0.384914 582 
0.379835 583 
0.378811 584 
0.374904 585 
0.368846 586 
0.383138 587 
0.379452 588 
0.376815 589 
0.376121 590 
0.384388 591 
0.381146 592 
0.385933 593 
0.381582 594 
0.380672 595 
0.378762 596 
0.387823 597 
0.371988 598 
0.383334 599 
0.381221 600 
0.386725 601 
0.376524 602 
0.38586 603 
0.385301 604 
0.385019 605 
0.366869 606 
0.382275 607 
0.378237 608 
0.380456 609 
0.374786 610 
0.383418 611 
0.379991 612 
0.36312 613 
0.385411 614 
0.373003 615 
0.382967 616 
0.37773 617 
0.383009 618 
0.38425 619 
0.387826 620 
0.377771 621 
0.379422 622 
0.38454 623 
0.388147 624 
0.377963 625 
0.385389 626 
0.390655 627 
0.374356 628 
0.386242 629 
0.379748 630 
0.381868 631 
0.381069 632 
0.38602 633 
0.361905 634 
0.389213 635 
0.380762 636 
0.383887 637 
0.384669 638 
0.376738 639 
0.375378 640 
0.383106 641 
0.3797 642 
0.388397 643 
0.371849 644 
0.386042 645 
0.383739 646 
0.377863 647 
0.386119 648 
0.371539 649 
0.383568 650 
0.374935 651 
0.384362 652 
0.377409 653 
0.371819 654 
0.385006 655 
0.386009 656 
0.381203 657 
0.378465 658 
0.37934 659 
0.378892 660 
0.384896 661 
0.376984 662 
0.381019 663 
0.385118 664 
0.382713 665 
0.367385 666 
0.375804 667 
0.389319 668 
0.385995 669 
0.380155 670 
0.377772 671 
0.382644 672 
0.387284 673 
0.378826 674 
0.379371 675 
0.38439 676 
0.381094 677 
0.375917 678 
0.382025 679 
0.380681 680 
0.375667 681 
0.387119 682 
0.380032 683 
0.380268 684 
0.388968 685 
0.373439 686 
0.379651 687 
0.381626 688 
0.379625 689 
0.381745 690 
0.375673 691 
0.382174 692 
0.371518 693 
0.38215 694 
0.37609 695 
0.371485 696 
0.381975 697 
0.375253 698 
0.370808 699 
0.388068 700 
0.385261 701 
0.378546 702 
0.376397 703 
0.369679 704 
0.379457 705 
0.378463 706 
0.380113 707 
0.374264 708 
0.345842 709 
0.332629 710 
0.330694 711 
0.370663 712 
0.376942 713 
0.371481 714 
0.37627 715 
0.377508 716 
0.381183 717 
0.375017 718 
0.378911 719 
0.386337 720 
0.384925 721 
0.379945 722 
0.376968 723 
0.379929 724 
0.377921 725 
0.384914 726 
0.378016 727 
0.383722 728 
0.366174 729 
0.385136 730 
0.386891 731 
0.37344 732 
0.38691 733 
0.372326 734 
0.381111 735 
0.381163 736 
0.376547 737 
0.379719 738 
0.346817 739 
0.336916 740 
0.342533 741 
0.352511 742 
0.342888 743 
0.352272 744 
0.348342 745 
0.350856 746 
0.347381 747 
0.352296 748 
0.349135 749 
0.346118 750 
0.336516 751 
0.350447 752 
0.35302 753 
0.344138 754 
0.343803 755 
0.350242 756 
0.345072 757 
0.344222 758 
0.340205 759 
0.344973 760 
0.332192 761 
0.344153 762 
0.345535 763 
0.348788 764 
0.349075 765 
0.340379 766 
0.342393 767 
0.340087 768 
0.348167 769 
0.345245 770 
0.347186 771 
0.348155 772 
0.326697 773 
0.342394 774 
0.353274 775 
0.35339 776 
0.350903 777 
0.341679 778 
0.331034 779 
0.338031 780 
0.337586 781 
0.347687 782 
0.339473 783 
0.34609 784 
0.349995 785 
0.341922 786 
0.338823 787 
0.347349 788 
0.35257 789 
0.341785 790 
0.334648 791 
0.333858 792 
0.347847 793 
0.337432 794 
0.346822 795 
0.344357 796 
0.346509 797 
0.343383 798 
0.336384 799 
0.339193 800 
0.337093 801 
0.349821 802 
0.352869 803 
0.341567 804 
0.348494 805 
0.349235 806 
0.336013 807 
0.341486 808 
0.348994 809 
0.346288 810 
0.348646 811 
0.34889 812 
0.344046 813 
0.343225 814 
0.337056 815 
0.347464 816 
0.349806 817 
0.346009 818 
0.347365 819 
0.352812 820 
0.345367 821 
0.34235 822 
0.336338 823 
0.343669 824 
0.34711 825 
0.338319 826 
0.345972 827 
0.335386 828 
0.35159 829 
0.34831 830 
0.339592 831 
0.334058 832 
0.333307 833 
0.340514 834 
0.338514 835 
0.34576 836 
0.34033 837 
0.342002 838 
0.341295 839 
0.34076 840 
0.326161 841 
0.330519 842 
0.325538 843 
0.32636 844 
0.321754 845 
0.334681 846 
0.31271 847 
0.335925 848 
0.324783 849 
0.317536 850 
0.328188 851 
0.326176 852 
0.331284 853 
0.362093 854 
0.335898 855 
0.341602 856 
0.34296 857 
0.334671 858 
0.339646 859 
0.342117 860 
0.343974 861 
0.340559 862 
0.332659 863 
0.329894 864 
0.337038 865 
0.34138 866 
0.334952 867 
0.344659 868 
0.342477 869 
0.347255 870 
0.33583 871 
0.351785 872 
0.337399 873 
0.342673 874 
0.347144 875 
0.339147 876 
0.340523 877 
0.342742 878 
0.336199 879 
0.342125 880 
0.341921 881 
0.345898 882 
0.346991 883 
0.343951 884 
0.346918 885 
0.345078 886 
0.343868 887 
0.34287 888 
0.344968 889 
0.344316 890 
0.350087 891 
0.346619 892 
0.342082 893 
0.334548 894 
0.343812 895 
0.34323 896 
0.346019 897 
0.332973 898 
0.32999 899 
0.344632 900 
0.338768 901 
0.344504 902 
0.345147 903 
0.346964 904 
0.343359 905 
0.347395 906 
0.336164 907 
0.34576 908 
0.342075 909 
0.347139 910 
0.344128 911 
0.338612 912 
0.34051 913 
0.340978 914 
0.337704 915 
0.344959 916 
0.340143 917 
0.330675 918 
0.34383 919 
0.334325 920 
0.339093 921 
0.347706 922 
0.346806 923 
0.345542 924 
0.340728 925 
0.336815 926 
0.341817 927 
0.343101 928 
0.347137 929 
0.336799 930 
0.342706 931 
0.345377 932 
0.334782 933 
0.34693 934 
0.33027 935 
0.344129 936 
0.343381 937 
0.339686 938 
0.341642 939 
0.345832 940 
0.341577 941 
0.347532 942 
0.342766 943 
0.335203 944 
0.338011 945 
0.334631 946 
0.344529 947 
0.344551 948 
0.332284 949 
0.315504 950 
0.324274 951 
0.318616 952 
0.32529 953 
0.329295 954 
0.339801 955 
0.34447 956 
0.338785 957 
0.347945 958 
0.337229 959 
0.344202 960 
0.337031 961 
0.325899 962 
0.342182 963 
0.342914 964 
0.337237 965 
0.336636 966 
0.339046 967 
0.343107 968 
0.340841 969 
0.336757 970 
0.34549 971 
0.334496 972 
0.341041 973 
0.340271 974 
0.345326 975 
0.345784 976 
0.326093 977 
0.341744 978 
0.337242 979 
0.343716 980 
0.340398 981 
0.337333 982 
0.330167 983 
0.343171 984 
0.341068 985 
0.344282 986 
0.344818 987 
0.336003 988 
0.347426 989 
0.333803 990 
0.343445 991 
0.341393 992 
0.344131 993 
0.344824 994 
0.345438 995 
0.335973 996 
0.343354 997 
0.334136 998 
0.335312 999 
0.341783 1000 
